"X" <-
structure(list(), ra = c(1, 1, 1, 1, 1, 1, 1, 1, 1, 1, 1, 1, 1, 
1, 1, 1, 1, 1, 1, 1, 1, 1, 1, 1, 1, 1, 1, 1, 1, 1, 1, 1, 1, 1, 
1, 1, 1, 1, 1, 1, 1, 1, 1, 1, 1, 1, 1, 1, 1, 1, 1, 1, 1, 1, 1, 
1, 1, 1, 1, 1, 1, 1, 1, 1, 1, 1, 1, 1, 1, 1, 1, 1, 1, 1, 1, 1, 
1, 1, 1, 1, 1, 1, 1, 1, 1, 1, 1, 1, 1, 1, 1, 1, 1, 1, 1, 1, 1, 
1, 1, 1, -13.5704515592929, 2.68775932983247, 4.07220350114889, 
6.81048872831157, -1.35211709982133, 0.267799883754231, 0.405741545430366, 
0.678575670636735, -17.5386223809691, 3.47369398364459, 5.26296705404791, 
8.80196134327658, 20.1544985506431, -22.3866122629853, 2.15032222471742, 
0.0817914876247478, -11.8345539586348, 12.6396186484558, 0.836684090380637, 
-1.64174878020161, -1.50190649273595, 5.58318726718586, -7.81670571042063, 
3.73542493597072, 0.705084971966331, -28.1023414166020, 7.42136204264255, 
19.9758944019931, 12.3470983231710, 21.4087422380417, 23.7175776589121, 
-57.4734182201248, -9.32942911798271, -0.307138936536422, 7.27496394848485, 
2.36160410603428, -0.662880974636339, 0.795858534810543, 0.795654613772433, 
-0.928632173946636, -6.01430905860404, 4.56470988721144, 0.192666371812337, 
1.25693279958026, -1.23273904542360, 0.192132389070824, 0.814159609222551, 
0.226447047130229, 9.62672428261842, 11.4368207147737, 6.02092588785044, 
-27.0844708852426, 1.37090900131758, 1.02906420663832, -4.20004190858051, 
1.80006870062460, -1.49392532367208, -1.94970516743087, 2.07078380300509, 
1.37284668809785, -2.59001510013888, 1.30051804915883, -1.39332199755607, 
2.68281904853612, -0.413065600494391, 0.236311885769353, -0.13350109481614, 
0.310254809541178, -5.40603706072987, 4.14042674499706, -1.24131913197810, 
2.50692944771090, -0.363088754418698, 1.90343799161706, 1.65535839868504, 
-3.19570763588341, -0.656101568199043, -3.66260193888510, 2.73261706167977, 
1.58608644540438, -0.568997236691258, 0.482174500232402, 2.20489449335899, 
-2.11807175690013, -7.6764185466558, -0.543359416736481, 6.1141519553325, 
2.10562600805979, -2.04074607101251, -1.18348527601799, 1.34695745267162, 
1.87727389435887, -0.89825765655629, 1.20771150658008, 1.32611257848371, 
-1.6355664285075, -1.06920919098612, 0.931661971713805, -0.710565372314178, 
0.848112591586497, -2.59331040755654, 2.34263448727312, 1.45795501611222, 
-1.20727909582880, -5.24064014750549, -1.80962828285964, 6.40152114211652, 
0.64874728824861, 2.06355749321824, 0.341357462267977, -2.97330725568146, 
0.568392300195237, -6.73575166836496, 0.544907363145582, 8.00828854750358, 
-1.81744424228420, -2.81373162760381, -0.157051545947761, 1.12732374826713, 
1.84345942528444, 5.1816565584871, -5.14102979818205, -1.34376475235914, 
1.30313799205409, -1.14903152013491, 1.01625116443996, 0.812494555788474, 
-0.679714200093533, -1.80771893281298, 1.20248884372185, -1.21560603299737, 
1.82083612208849, 2.59971373856552, -3.44361915019889, -0.0593007857929418, 
0.903206197426314, -2.0491868125088, 0.983038796164478, 0.307340632597505, 
0.75880738374682, -7.23851364618907, 3.47247000484943, 1.08564497365754, 
2.6803986676821, -4.18611318652775, 2.00816813887966, 0.627840598533365, 
1.55010444911473, -0.583187546172268, 0.967367639728475, 1.17327833438266, 
-1.55745842793887, -3.66154933097117, 2.27714890960246, 0.0546231629784406, 
1.32977725839027, -2.07890676201354, 0.427790370167761, 0.928743995595248, 
0.722372396250529, -2.89220287334305, 2.13414628742272, -1.61644650851767, 
2.374503094438, -1.04983452103388, -2.55109711770203, 1.89064964300484, 
1.71028199573107, 0.116176256677036, 0.76993452168435, -2.1134058275767, 
1.22729504921531, -1.69867608904639, 0.421458783318231, -1.20610153373723, 
2.48331883946539, -2.70689399809310, -0.700146024527121, 2.52233542660711, 
0.884704596013117, -1.39514264135812, 1.35822269724588, -2.25346918343193, 
2.29038912754416, -0.504390081401414, 1.85820351092361, 2.63520643600115, 
-3.98901986552335, -3.45674837838059, 3.67133030933766, -2.40506787043868, 
2.19048593948162, -0.8149258001167, 1.90821514110758, -1.37891213500726, 
0.285622794016378, -190.003544929263, 23.6904572898705, 150.866233018017, 
15.4468546213753, 24.6798207430307, -41.0344712480319, 11.7197190881204, 
4.63493141688078, 1.51885476991358, -3.65734676959877, -1.00784994097622, 
3.14634194066142, 1.82481267548244, 0.368191021111385, 0.192042937480511, 
-2.38504663407434, -17.9299802909213, -12.9646365142314, 25.7655945759549, 
5.12902222919778, 0.99271549176831, 0.0865726845537746, 0.52405254486602, 
-1.60334072118810, -1.39547163202388, -5.67936511212082, 4.21903781617385, 
2.85579892797085, -2.31074575335803, 1.23199910352099, 6.1026681090178, 
-5.02392145918076, -3.16984225205031, -1.10705388000305, 3.46323867992232, 
0.813657452131047, 0.443653894194319, 0.611842244277289, -1.97551170095896, 
0.920015562487352, 2.71840520343840, -1.05476018384178, 2.00233770639312, 
-3.66598272598974, -1.27972090924254, 0.280347887866566, 0.0673511998857552, 
0.932021821490219, -0.645365180749034, 1.07375406031942, 0.299751432579045, 
-0.72814031214943, -4.88108918927552, 1.05769854467314, -1.41813853328224, 
5.24152917788462, -1.82006513775133, 1.55196194497275, -1.09217142344370, 
1.36027461622228, -3.94595646023322, -0.390038490231726, 3.57263081299523, 
0.763364137469724, 1.02490956413628, 0.335875785900464, 0.415528849108263, 
-1.77631419914501, 6.86417200041975, -23.5785984589355, 4.04430720760208, 
12.6701192509137, 21.9836720036212, 0.528171511476434, 2.38171340004669, 
-24.8935569151443, -0.716363873950974, -3.27867976938981, 0.941802050072804, 
3.05324159326798, -2.13362566640065, 1.86089032639745, -2.13572455191391, 
2.40845989191711, -0.290143743059267, 1.55877175745986, 10.0659038278440, 
-11.3345318422446, -3.90864894763569, 4.69992600979924, -1.61714707629324, 
0.82587001412968, -0.134545019051609, 0.382755667574813, -0.709661423605313, 
0.46145077508211, -3.76751729111507, -1.75956710019226, 2.97309541600936, 
2.55398897529797, -0.242810680002378, 2.16962548271785, 0.445718924028521, 
-2.37253372674400, -2.89178165250208, 2.02979419361243, -1.51245552144031, 
2.37444298032996, -0.902753952688306, -12.0694189804029, 11.6837343241023, 
1.28843860898889, -3.41355595638932, 0.949758880606051, 0.861373082611302, 
1.60242399317197, -13.5851207021443, -1.03347711517669, 9.705274490109, 
4.91332332721204, 2.24526540247752, 0.929012208379469, -5.20719445258346, 
2.03291684172647, -1.48696721032592, 1.06409293427326, 3.26861629258476, 
-2.8457420165321, -0.642963750322378, 2.31816530117627, -2.82243827364379, 
1.14723672278990, -1.36399582107985, -2.54798960134649, 2.81888189271537, 
1.09310352971097, 4.21447379424814, -3.15148419167004, -2.07227783893022, 
1.00928823635212, 1.28182644623672, -0.603687138862864, 1.33536802072893, 
-2.01350732810279, 8.72845465909093, -1.70515477083534, -8.10755977929158, 
1.08425989103599, -0.321102472462514, 0.959890105909238, 6.93002424492698, 
-7.5688118783737, -1.50068155762977, -7.58932985318779, 1.11440511318537, 
7.9756062976322, 4.29838995815423, -4.45106259747855, 0.941737577128658, 
-0.789064937804339, 4.0987349795416, -2.55357637822523, -3.2266779127488, 
1.68151931143243, -11.9962823095462, 0.602961169314613, 11.3978800152188, 
-0.00455887498718146, -0.228388569432789, -0.00780249789546579, 
0.0890504414190031, 0.147140625909252, 0.461596361673674, -7.0387323200199, 
6.88550005714221, -0.308364098795985, 1.54946947447688, -2.18690821860816, 
3.55969400300342, -2.92225525887214, -0.266979091201715, -4.09818572861453, 
1.56525691637816, 2.79990790343808, -3.03570335949804, 1.41714843332281, 
-0.718359806565149, 2.33691473274038, -1.47552507087592, 0.491461541794780, 
0.271273826333129, 0.712789702748011, 4.56553433971006, -0.559796429976827, 
1.42119907461637, -5.4269369843496, 2.99917004171329, -3.67225520761325, 
0.0267350544222592, 0.646350111477703, -1.73321465487529, 1.13371537571832, 
2.0910512548933, -1.49155197573632, -1.62424374392392, -1.77454995994356, 
